set1

similarity : 0.13947099447250366
hoax : [  1.00000001e+01,   9.97453916e-15]
fact : [ -1.00000001e+01,  -9.97453916e-15]

set2

similarity : 0.13247227668762207
hoax : [ -1.00000000e+01,  -1.18828558e-15]
fact : [  1.00000000e+01,   1.18828558e-15]


set3

similarity : 0.16651025414466858
hoax : [   1.00000000e+01,   8.46840495e-15]
fact : [  -1.00000000e+01,  -8.46840495e-15]