set1

similarity : 0.11964502185583115
hoax : [  1.00000000e+01,   1.15671361e-14]
fact : [ -1.00000000e+01,  -1.15671361e-14]

set2

similarity : 0.1255234330892563
hoax : [  1.00000000e+01,   2.45982415e-15]
fact : [  -1.00000000e+01,  -2.45982415e-15]


set3

similarity : 0.1411222368478775
hoax : [   1.00000000e+01,   5.06300372e-17]
fact : [  -1.00000000e+01,  -5.06300372e-17]