set1

similarity : 0.10847512632608414
hoax : [ -1.00000000e+01,   2.03899397e-14]
fact : [  1.00000000e+01,  -2.03899397e-14]

set2

similarity : 0.12477470934391022
hoax : [ -1.00000000e+01,   1.74252973e-14]
fact : [  1.00000000e+01,  -1.74252973e-14]


set3

similarity : 0.13396771252155304
hoax : [ -1.00000000e+01,  -1.26860328e-14]
fact : [  1.00000000e+01,   1.26860328e-14]